"Name","K","Kin","Kout","TypeI","TypeII"
"GRB2",173,125,48,0,1
"A2M",22,13,9,0,1
"B2M",70,67,3,0,1
"CTSB",30,12,18,0,1
"TGFB2",14,11,3,0,1
"EVPL",13,5,8,0,1
"PLEC",23,9,14,0,1
"PPL",15,6,9,0,1
"MUC16",23,16,7,0,1
"MUC17",22,3,19,0,1
"MUC3A",23,9,14,0,1
"GATM",9,7,2,0,1
"CST6",2,1,1,0,1
"TMPRSS6",7,5,2,0,1
"ABCA4",4,3,1,0,1
"ABCB11",2,1,1,0,1
"SLC51B",2,1,1,0,1
"HELZ2",15,11,4,0,1
"UGT1A1",22,15,7,0,1
"INS",40,32,8,0,1
"KCNJ11",7,2,5,0,1
"PRKACB",77,52,25,0,1
"CYP3A4",32,15,17,0,1
"PROM1",14,11,3,0,1
"SLC47A1",6,3,3,0,1
"ATP1A2",8,4,4,0,1
"ABHD16A",3,2,1,0,1
"NRAS",111,75,36,0,1
"GRIA1",26,21,5,0,1
"CDC42",162,134,28,0,1
"RAC1",125,66,59,0,1
"RHOA",166,141,25,0,1
"ACSL4",13,6,7,0,1
"ACAN",38,35,3,0,1
"ACSS1",8,4,4,0,1
"TAC1",14,4,10,0,1
"HSPG2",63,47,16,0,1
"PSEN1",34,14,20,0,1
"AMACR",15,10,5,0,1
"AOX1",16,12,4,0,1
"EZR",38,23,15,0,1
"FLNA",67,42,25,0,1
"ITGB1",159,130,29,0,1
"MYH11",27,19,8,0,1
"ACTB",165,93,72,0,1
"BDNF",37,33,4,0,1
"CASP8",56,34,22,0,1
"CETN2",19,13,6,0,1
"CLIC4",6,4,2,0,1
"CTGF",30,18,12,0,1
"H3F3A",30,16,14,0,1
"ITGA6",48,44,4,0,1
"ITSN1",25,18,7,0,1
"MYH10",28,16,12,0,1
"PFDN2",11,9,2,0,1
"PTGS2",24,19,5,0,1
"PTPRC",136,118,18,0,1
"TLR4",106,61,45,0,1
"TNF",140,116,24,0,1
"CAMK2A",36,26,10,0,1
"GNE",4,2,2,0,1
"ANLN",86,18,68,0,1
"CD2AP",19,12,7,0,1
"COL17A1",15,12,3,0,1
"CTNNA1",49,21,28,0,1
"CTNNB1",194,109,85,0,1
"ITGA1",80,20,60,0,1
"ITGA5",62,19,43,0,1
"SLC9A3R2",8,7,1,0,1
"ZYX",27,9,18,0,1
"ACTR3",41,8,33,0,1
"HCLS1",28,13,15,0,1
"RHOC",36,13,23,0,1
"RUVBL1",49,14,35,0,1
"RGMB",13,7,6,0,1
"ADAM10",39,9,30,0,1
"APP",83,22,61,0,1
"BACE1",18,9,9,0,1
"EFNA5",13,7,6,0,1
"EPHA2",22,15,7,0,1
"EPHA4",21,6,15,0,1
"EPHB2",40,31,9,0,1
"NOTCH3",18,5,13,0,1
"PSEN2",21,14,7,0,1
"SH3PXD2A",6,2,4,0,1
"YWHAB",48,36,12,0,1
"COL1A2",51,24,27,0,1
"COL3A1",45,21,24,0,1
"CRTAP",19,10,9,0,1
"RPSA",36,20,16,0,1
"ADCY1",23,4,19,0,1
"ADCY2",25,15,10,0,1
"ADCY7",21,17,4,0,1
"CAMK2D",39,14,25,0,1
"GCG",26,23,3,0,1
"GNAI1",72,23,49,0,1
"GNAI2",88,28,60,0,1
"GNG2",67,24,43,0,1
"PDE4D",13,5,8,0,1
"GNG12",28,19,9,0,1
"GSTA4",15,9,6,0,1
"ADIPOQ",12,10,2,0,1
"GAD2",16,6,10,0,1
"ENTPD1",22,16,6,0,1
"ADORA3",5,2,3,0,1
"ARRB2",63,50,13,0,1
"TFF3",7,6,1,0,1
"AGTR1",13,12,1,0,1
"DYSF",9,6,3,0,1
"S100A10",15,10,5,0,1
"STAT1",79,6,73,0,1
"FEN1",72,36,36,0,1
"CARD16",7,4,3,0,1
"H3F3C",15,4,11,0,1
"HIST1H3D",38,22,16,0,1
"NME7",22,15,7,0,1
"RRM2",126,72,54,0,1
"DCK",23,7,16,0,1
"PKM",38,11,27,0,1
"SPA17",8,5,3,0,1
"ALB",44,15,29,0,1
"CAV1",70,30,40,0,1
"FN1",139,80,59,0,1
"MAOB",14,9,5,0,1
"AMT",4,1,3,0,1
"COMT",13,7,6,0,1
"GAD1",13,6,7,0,1
"ALDOA",27,19,8,0,1
"ALDOB",9,5,4,0,1
"HK2",28,8,20,0,1
"ALK",16,11,5,0,1
"ALOX12B",12,6,6,0,1
"ALOX5",22,14,8,0,1
"PTGS1",13,6,7,0,1
"PRSS3",6,5,1,0,1
"SERPINA5",7,5,2,0,1
"CYP17A1",10,4,6,0,1
"LILRB2",35,25,10,0,1
"COL4A5",28,13,15,0,1
"GLS2",5,1,4,0,1
"ENAM",3,1,2,0,1
"ANAPC1",27,15,12,0,1
"CDK1",198,167,31,0,1
"UBE2C",122,71,51,0,1
"AURKB",139,66,73,0,1
"CCNA2",169,50,119,0,1
"MAD2L1",126,43,83,0,1
"FGFR1",45,38,7,0,1
"FYN",148,66,82,0,1
"MET",51,23,28,0,1
"TIE1",4,2,2,0,1
"IRS1",46,13,33,0,1
"ITPR3",29,19,10,0,1
"ANK2",18,11,7,0,1
"KCNQ2",16,7,9,0,1
"ENPP1",27,15,12,0,1
"CENPA",113,56,57,0,1
"DIAPH3",22,19,3,0,1
"SEPT9",9,8,1,0,1
"SH3KBP1",23,13,10,0,1
"SHCBP1",55,26,29,0,1
"TTK",124,82,42,0,1
"ANO1",7,3,4,0,1
"RTEL1",18,12,6,0,1
"CTH",9,4,5,0,1
"ANXA2",27,11,16,0,1
"ANXA5",28,11,17,0,1
"CASP3",81,35,46,0,1
"CASP9",24,12,12,0,1
"FCGR2B",40,18,22,0,1
"SGIP1",12,6,6,0,1
"TGOLN2",15,12,3,0,1
"AP2M1",41,6,35,0,1
"ARF6",57,26,31,0,1
"CTLA4",88,33,55,0,1
"FZD2",26,14,12,0,1
"UBQLN2",22,8,14,0,1
"BLM",51,24,27,0,1
"CASC5",52,27,25,0,1
"CLIP3",3,2,1,0,1
"BGN",35,19,16,0,1
"CFH",16,7,9,0,1
"OPTN",18,16,2,0,1
"TREM2",20,11,9,0,1
"PLAUR",34,17,17,0,1
"CALR",30,10,20,0,1
"DISC1",18,10,8,0,1
"HTT",33,17,16,0,1
"SLC9A3",6,1,5,0,1
"RAP1A",45,25,20,0,1
"EXOC7",18,11,7,0,1
"ITGA8",38,25,13,0,1
"OAT",8,3,5,0,1
"LAPTM5",17,9,8,0,1
"RHOB",26,5,21,0,1
"ARHGEF2",18,11,7,0,1
"DYNLT1",12,4,8,0,1
"MRAS",14,5,9,0,1
"HDAC1",89,65,24,0,1
"CHEK2",53,41,12,0,1
"EFCAB1",2,1,1,0,1
"RTN4",8,4,4,0,1
"ARL6IP5",5,2,3,0,1
"ARL9",2,1,1,0,1
"CD3G",51,44,7,0,1
"LYN",113,100,13,0,1
"SOX2",15,3,12,0,1
"TCF4",10,7,3,0,1
"CDT1",70,30,40,0,1
"PCNA",84,67,17,0,1
"STOM",4,2,2,0,1
"PHGDH",8,5,3,0,1
"TMEM53",3,1,2,0,1
"CKS2",63,47,16,0,1
"KIF20B",42,27,15,0,1
"POSTN",23,21,2,0,1
"ATM",57,12,45,0,1
"XRCC2",17,8,9,0,1
"SNRPN",23,17,6,0,1
"ATP1A3",7,6,1,0,1
"ATP1A4",6,3,3,0,1
"PRKG1",25,14,11,0,1
"PLN",14,4,10,0,1
"LHPP",5,4,1,0,1
"SESN1",11,9,2,0,1
"SLC9B2",5,4,1,0,1
"BIRC3",44,10,34,0,1
"CCNE1",37,10,27,0,1
"CKS1B",59,32,27,0,1
"MAPRE1",17,10,7,0,1
"NCAPD2",50,31,19,0,1
"TROAP",52,6,46,0,1
"B4GALT1",18,12,6,0,1
"SDC3",35,19,16,0,1
"ST3GAL2",19,10,9,0,1
"SNX6",6,5,1,0,1
"HSPA1B",11,9,2,0,1
"HSPA6",6,2,4,0,1
"TANK",18,11,7,0,1
"GAP43",5,1,4,0,1
"IRF4",25,12,13,0,1
"CARD11",10,7,3,0,1
"SYK",108,68,40,0,1
"GATA3",24,12,12,0,1
"PINK1",20,15,5,0,1
"VDAC2",12,8,4,0,1
"BFSP2",2,1,1,0,1
"CD14",30,10,20,0,1
"LY96",27,6,21,0,1
"SPHK1",15,6,9,0,1
"TNFRSF13C",15,4,11,0,1
"UBE2V1",30,12,18,0,1
"NUP93",23,11,12,0,1
"CD79B",31,19,12,0,1
"LCK",116,51,65,0,1
"PTPN22",28,12,16,0,1
"BLVRB",7,1,6,0,1
"BMP1",24,13,11,0,1
"CBFB",11,8,3,0,1
"DKK1",14,10,4,0,1
"SHH",32,13,19,0,1
"TRPC3",13,11,2,0,1
"CAMP",10,3,7,0,1
"HIF1A",15,10,5,0,1
"BSG",18,8,10,0,1
"BSN",8,4,4,0,1
"UNC13B",14,9,5,0,1
"NADK2",7,5,2,0,1
"PDCD1",36,16,20,0,1
"PPP2R1A",48,23,25,0,1
"DHCR7",11,7,4,0,1
"C1QB",25,10,15,0,1
"CTSS",30,14,16,0,1
"C2",16,3,13,0,1
"DXO",2,1,1,0,1
"C5AR1",9,4,5,0,1
"PTX3",8,5,3,0,1
"C3orf58",5,1,4,0,1
"CACNA1B",11,7,4,0,1
"CACNA1E",12,7,5,0,1
"CACNB2",19,6,13,0,1
"CACNB3",15,8,7,0,1
"CACNG8",9,3,6,0,1
"CALM2",35,11,24,0,1
"CATSPER2",9,6,3,0,1
"PPP1CB",52,38,14,0,1
"NPY",17,14,3,0,1
"CAMK4",7,2,5,0,1
"CD47",21,10,11,0,1
"P4HB",30,13,17,0,1
"SSB",19,13,6,0,1
"IMPDH2",9,3,6,0,1
"MAPK3",91,18,73,0,1
"SLC1A5",3,2,1,0,1
"OCLN",24,12,12,0,1
"TXN",27,15,12,0,1
"PDPK1",34,17,17,0,1
"CDH5",26,12,14,0,1
"KCNA3",7,6,1,0,1
"ERBB4",26,11,15,0,1
"HIST1H2AD",34,11,23,0,1
"CCDC23",5,3,2,0,1
"VPS35",17,8,9,0,1
"CCDC69",3,2,1,0,1
"CXCL9",51,30,21,0,1
"CXCR3",47,28,19,0,1
"CCR5",69,19,50,0,1
"IL1B",103,21,82,0,1
"CCL20",15,11,4,0,1
"CSF2",55,17,38,0,1
"CCND3",31,18,13,0,1
"TERT",15,6,9,0,1
"YWHAG",29,13,16,0,1
"ERBB2",57,13,44,0,1
"PSMD1",39,17,22,0,1
"RSPH9",10,7,3,0,1
"CD86",81,37,44,0,1
"CD80",85,12,73,0,1
"CCRL2",11,7,4,0,1
"CD209",19,4,15,0,1
"CD3D",54,13,41,0,1
"CD5",37,16,21,0,1
"CD7",20,7,13,0,1
"SPN",26,16,10,0,1
"GRAP2",39,16,23,0,1
"HLA-DRB1",62,28,34,0,1
"ESPN",8,6,2,0,1
"IL3RA",27,8,19,0,1
"KIT",67,15,52,0,1
"CSF1R",61,16,45,0,1
"GZMA",21,9,12,0,1
"IL18",24,6,18,0,1
"IL33",10,5,5,0,1
"SELE",13,6,7,0,1
"CTSL",23,6,17,0,1
"JAM3",26,9,17,0,1
"CHN1",6,3,3,0,1
"LGALS3",22,3,19,0,1
"PKP3",14,7,7,0,1
"GJA1",26,9,17,0,1
"GRIA2",19,4,15,0,1
"PTPRS",10,3,7,0,1
"GABARAP",27,6,21,0,1
"PPAP2C",16,12,4,0,1
"LEF1",27,3,24,0,1
"CEACAM5",6,1,5,0,1
"KRT19",10,6,4,0,1
"RUNX2",45,13,32,0,1
"CEL",17,12,5,0,1
"PNLIP",13,9,4,0,1
"SYCN",4,2,2,0,1
"CEP164",7,1,6,0,1
"DNAH1",7,5,2,0,1
"CFAP45",3,1,2,0,1
"PRSS1",13,7,6,0,1
"TMOD3",5,1,4,0,1
"IGF1",56,25,31,0,1
"CHMP4A",21,9,12,0,1
"TUBB4B",11,6,5,0,1
"GNAQ",90,14,76,0,1
"PLCB2",30,6,24,0,1
"CHRNA2",4,3,1,0,1
"CMTM7",6,4,2,0,1
"CLDN3",5,3,2,0,1
"CLEC12A",3,2,1,0,1
"CLEC4D",3,2,1,0,1
"TPRN",2,1,1,0,1
"SEC16B",7,3,4,0,1
"SEC24C",10,4,6,0,1
"CNTNAP1",9,1,8,0,1
"SCN8A",12,4,8,0,1
"P4HA3",30,29,1,0,1
"FKBP10",7,3,4,0,1
"LUM",38,7,31,0,1
"P4HA1",34,5,29,0,1
"MT-CYB",16,6,10,0,1
"MRPL13",21,6,15,0,1
"SERPINE1",34,6,28,0,1
"HIP1R",4,1,3,0,1
"SST",11,3,8,0,1
"CSTA",8,3,5,0,1
"MAT1A",4,3,1,0,1
"DSC3",6,4,2,0,1
"SLMAP",6,2,4,0,1
"CYB5A",17,8,9,0,1
"POR",19,16,3,0,1
"WDFY4",5,3,2,0,1
"MGLL",15,4,11,0,1
"GPC1",30,6,24,0,1
"ULK1",15,9,6,0,1
"DGAT2",11,3,8,0,1
"METTL3",5,2,3,0,1
"EBP",5,4,1,0,1
"SAMD9L",20,5,15,0,1
"WNT4",11,5,6,0,1
"DLK1",4,1,3,0,1
"JAG1",7,2,5,0,1
"MLLT3",8,3,5,0,1
"GLDC",8,6,2,0,1
"TNFRSF10D",4,2,2,0,1
"NTRK2",26,4,22,0,1
"MON2",4,2,2,0,1
"GGT5",13,10,3,0,1
"DPP10",3,2,1,0,1
"DPYSL3",10,6,4,0,1
"PLXNA2",9,7,2,0,1
"FLG",4,3,1,0,1
"RPS3A",36,16,20,0,1
"IQCD",3,1,2,0,1
"MFAP5",12,7,5,0,1
"EGF",24,5,19,0,1
"FGFR3",11,8,3,0,1
"NAB2",3,2,1,0,1
"RAB10",13,5,8,0,1
"RAB8B",10,2,8,0,1
"UBE2L6",31,7,24,0,1
"EIF3CL",5,2,3,0,1
"EIF4A1",15,1,14,0,1
"LAMTOR4",5,3,2,0,1
"RPL39L",18,2,16,0,1
"WDR72",2,1,1,0,1
"QPRT",8,5,3,0,1
"SOCS3",31,13,18,0,1
"PLXNB1",11,9,2,0,1
"TMPRSS2",4,3,1,0,1
"F5",3,2,1,0,1
"F8",12,7,5,0,1
"PLA2G16",14,11,3,0,1
"THEM5",2,1,1,0,1
"FBLIM1",7,6,1,0,1
"FBXO25",2,1,1,0,1
"PTGER4",3,2,1,0,1
"PYY",10,3,7,0,1
"HCN2",3,1,2,0,1
"FLNC",15,4,11,0,1
"PLAU",24,16,8,0,1
"TUBGCP4",5,3,2,0,1
"FREM1",5,4,1,0,1
"FREM2",4,1,3,0,1
"FUT3",8,1,7,0,1
"SH2D1B",7,3,4,0,1
"PPP2R5E",20,6,14,0,1
"HK3",10,3,7,0,1
"GM2A",2,1,1,0,1
"SUMF1",5,3,2,0,1
"GATA2",10,5,5,0,1
"TCF12",11,8,3,0,1
"XDH",5,4,1,0,1
"SNRPD1",34,14,20,0,1
"SNRPD2",44,20,24,0,1
"UGT8",10,3,7,0,1
"GMPPB",4,2,2,0,1
"TAS1R3",7,5,2,0,1
"SGK1",8,6,2,0,1
"IRF6",22,3,19,0,1
"GRIK4",4,3,1,0,1
"PDE6A",5,1,4,0,1
"HMGB2",9,3,6,0,1
"VPS72",13,3,10,0,1
"KAT2A",17,1,16,0,1
"HENMT1",6,4,2,0,1
"HERC6",18,3,15,0,1
"HOXA5",13,2,11,0,1
"INPP5F",9,4,5,0,1
"LEP",23,7,16,0,1
"IGF2BP1",4,1,3,0,1
"ING5",9,2,7,0,1
"MTMR3",7,5,2,0,1
"IRAK2",15,2,13,0,1
"ITPK1",5,2,3,0,1
"LRRC16A",10,2,8,0,1
"PNPLA7",8,7,1,0,1
"KCNAB2",10,8,2,0,1
"KCNC1",10,2,8,0,1
"LGALS3BP",7,3,4,0,1
"LGR5",6,1,5,0,1
"LMNB2",7,5,2,0,1
"RASAL3",4,1,3,0,1
"MICU1",4,1,3,0,1
"TIMP2",16,6,10,0,1
"MYH2",20,3,17,0,1
"TNNT3",12,3,9,0,1
"TMCC1",3,2,1,0,1
"PTF1A",5,3,2,0,1
"PLXND1",15,9,6,0,1
"VKORC1",4,2,2,0,1
"NRP2",16,11,5,0,1
"NUCKS1",4,3,1,0,1
"SARNP",6,3,3,0,1
"P2RX2",7,5,2,0,1
"P2RY13",6,4,2,0,1
"PAX4",3,1,2,0,1
"PPARG",31,2,29,0,1
"PLAGL1",3,1,2,0,1
"PGAP1",3,1,2,0,1
"PRKAB2",14,2,12,0,1
"PLXNC1",10,2,8,0,1
"SLC41A1",3,1,2,0,1
"SLC6A1",6,3,3,0,1
"RAB11A",30,3,27,0,1
"SEPT6",8,2,6,0,1
"SHROOM3",2,1,1,0,1
"SLC1A1",6,2,4,0,1
"SLC1A2",8,2,6,0,1
"SLC7A5",5,2,3,0,1
"UPF3A",5,1,4,0,1
"SPACA4",2,1,1,0,1
"STS",10,1,9,0,1
"STX7",9,6,3,0,1
"TRPA1",4,1,3,0,1
